xgboost:
  objective: binary:logistic
  device: cuda
  verbosity: 1
  eval_metric: logloss
  booster: gbtree
  max_depth: 6
  learning_rate: 0.021855889849578664
  n_estimators: 830
  min_child_weight: 2
  gamma: 1.3941960242952833
  subsample: 0.8785739787237201
  sampling_method: uniform
  colsample_bytree: 0.8122103213478572
  colsample_bylevel: 0.6211201986204787
  colsample_bynode: 0.6875310438553031
  alpha: 0.00039116012432011273
  lambda: 0.000006318135372824816
  scale_pos_weight: 4.306729237206141
  grow_policy: depthwise
  max_leaves: 60
  max_bin: 384

lightgbm:
  objective: binary
  device: gpu
  verbosity: 0
  eval_metric: logloss
  boosting_type: goss
  num_leaves: 54
  max_depth: 6
  learning_rate: 0.03168606336446395
  n_estimators: 376
  subsample: 0.9732773502317136
  tree_learner: serial
  colsample_bytree: 0.7779246297003738
  min_child_samples: 46
  min_child_weight: 0.0049656088026181445
  lambda_l1: 0.0000003485203479609063
  lambda_l2: 0.0012932480056061738
  extra_trees: false
  feature_fraction: 0.8969128906566174
